0 0 1100 11 01   0   1  1 10 0 100000 11 0 111  01  10100001100  0  001 10 01 10011101000  11 01 1100001100 1 1110 1110010  1101010001   0 0  00 010  
 010 1 01111  00 01 00 11  1  0  1  01101 1010 00 10 1001  00  000   0101110 11 00 011 111 110001   00  0 1  0 00 00100 0001100 100001       1  100101
 11 1001     011     110    1 0   0   100 11111 1  10 01 0011 1 1101 1  000 1010 0010 10110 101 1   0 1  100 1 0 10 10010100111 10    0 0  1 01     1 
 001 1  01 0110   11  00001111000  0101   010   1 01 01 100110   010 01101 11010 10   1 10 011 01001 111111 10 100 11 10   0 01100010 1  0 01 11 01 01
0 00 1    10 010 10   010  1 111 0110 011 01 1 10 111101110  10 1  111 11000011  01  0011 0110   1 10 00 000  0  11 100100 010  0 1010101 0 11  001 00
011 1 1    001 1 1 0  0 111111000010   111011010 1 11  1 011 0  0  11 10101 001 11  11 11 110  0 0 01010100 11 1001 100 0 1  1111      0 101 1101 10 1
 0 0010000 0 1 10 0      00 1  11  1110     11 01   100 0000  11   0  100 01 1010   0      11010 0110 0 1 01 01  00  111  1    10 1 001000 00 1 1 1 10
10 1 0 11  011  1 00 0110 0 0 01  1 1001 1  110001 11  000   001  11 00000010 11 00 0  110  011110 0101011   1  101 011000111  00 10001000 0     0 001
 100 11111 1 1  100100 1 1 100010010 1 10  10 0 1101 10 11     00 10 11 01 1 00101 0101111 10 1111   11  110101 0 01 00001111000 1 1000 101 1  11 11  
 0 001 1 010 010 01111 10101 0 01 10 10 11 110 1  1 111 10  00011000 10 0110100110  11  11001 010011000  0110111 01  1 0 111010110 1  0  1 11    11 0 
0 1 0110 1    1010 0000  00 0 00  010 110 011001 01 0000  1101001   0111  00   1  10001 10000000 10  1 00110 00 111101 1 0 001000  01 1 1    1 010 1 0
00 00 01  1 0 11 011 1 100100 11011 01  11 0001 01  0 1 01001 101 0111011  01 011001 01  0 0 1 11100  10 0  00  010 001 00  0 11 1 0 01 01  0110 11 00
01 101001 0010101 01111 0100   00 00 000110 01 0100100 10   1111 0 0  1001  1 1  010010 0 0100 0  1 0111 1111 000 00 101111 0 1 011  01  0100000100000
 00111 011010   01 1 0 101010   10 1 001 00  111  011   0111000 010  01    10111 1 1000 001000010 01 1 001   1 1111 1 00 1100110 00 0 10 1100 0 1100  
   1111 001 11 01  0100 0    1  1 0 0011100010  0  101  110110  0 0 0 00101 1  1 1011 1 1   100 001110  100 0000000 1 0100 1010000110 0   1 100 001100
11 111 11 11001 10010001 11 111  01 101011 01101  00   110 001   010   0101010001001 0 011 0 0  1 1100 0 101 1110111  1  0 0  00 00 10 0  0  1 10 1000
01 1     0101  0 1 01100 1100 1000011 100100   1  11 01 11110  1 10  0 0 10  01001 011 1 100 11 0  10 1 1101   00000 01 0  11 011 0001001101 0  0 0110
01 11 1011  0 11 0 11 00101  10 000110 1 1 0000 1 0111 1111111 0110   1 1  01 1 0  1 00 00 111010001 100 11 0 1011    11 0 10101010 010 111    1  100 
101111   0000  01 1011 0111010 1 1 00 1010111      0000110011111  1001011111 01110000 100  111  100  1 10 00101 10 11   0  000110 111  100  01 0 01010
  0 01    0 101 1  1100 1101111   00 000110   00 111 11010  010   0101011 10  10 0 01110110  10 110000001 10011 10   110110    001110   0100 000110010
   001 001 10010 110001 1111 0101   100111 000 0 1  00  1101111  100111 100110  0 10  1  10  111 1010 0101 1010001001  1 1010  110 1100 0 1 0    00011
1 11111   10 1111 110010 0  010 1   1 101 101111  1 1 011  1001  0 00 1     01 1001  1 1 11010 00 110 1   000 0110  1010 1011 0  1 11 1  100111  011 0
1 0 01 110 11 1  0    1 0 01001 0101001 10 10 1  11  1111     000 00  1 01  00  0100011 111111  10 11101 01 00   1001010 1   0000011 1 10  0 01 1 011 
01010001 0 000001 01 1  11 0011 1 10010 101 00 111 1  100001111 010   100 01 11 010001000111101100010 0 1 11 0100  0101  01 010 10  00    1 1 00 000 0
01      111  11   0011  000     00   00100100 01 01    000 11 11  11100   0   0 00011111    100  011    0001 0 1001101 000  0 0 1 100110100001 0   01 
 1 11 10111 0  1 111000 1110101000100 11111   10 10  1010 1110111  010 1100  010  10100  1101010 101 00  1 0011 110 10 00111 0 101 00 001 10  10     1
01  01  11 111 0 11 11 00 000011 11 1 0111001 0   1 0111111001 10    1 01 111011010001  01  0  010 1 01    11 1011110 0  01 1 1 0  100 111110 1 0   0 
  1001 001 0111111  1  0101011 0 01 0 11001  001 10011    10010000010 101 01 0000 101  1  100  10 00000 0  0011 1101 0 0110   101100  000100000101   0
1 0 1 100 110110  0 00 11   11010001 00001000001010  10100 0   0100  1 001 0  10 1 011 0    10  1 0        11110 001 0  0 0110  0 0 0  0 0  00  0 0   
0 0 010 1 110 0 0 1 0010110 1 0 1 10 0 100    11 0110    0 10 1  01 110 11 00 1 10011111   0000 0 0  1111 0010 11  0      01  001 00 01 11111111 01 10
0 00 1 00 0  1 1  0010 00 11  00 01 011 11   110100 00  10 0 1 0 1 011 1  01 0111111 10 1 11 0 00 0 1 0111 10 1 11110 0 10001000 0 11 10101  0 0 11  1
 111 1 01   0 0 000    00100001111  0100101 10   1 0110 1  01 1  01 001 0    00111100  0   1 010 11 10 11  1001100 001 11 11110001 0 11111 01 100110 1
00  1101 11  1100 0 0011100111010 0 1101  0 1  11 1 0  1  11110   0001101011 11101 1100 01 110 0  0    11 01 01 01111001001  0000000 1101  0  100  1  
00110 1 0  011000 00 11 001  0     00  1 1011      01 010 10 1111011 01110101011 10 100 00  101 01 0  1 00000 0 11 0 100 1 1 0 0 0 00110 0 11 1 1 0 0 
 1001 00 11 1111   1110 10000 001011 010101110   011111    00 01   1110 1100 0 10  0111 11111  10 0010  1000 0110001101  00010 0 00 100010110     0100
1110 101 0010 0  0  11  11010 010100101  1 1 1100 1   1 1001  000   00 011111000 1 01 111000    000  0 10  11 001   0 0 101 010001 1100   1 1 1 1   1 
 1  01 001010110    0 1 100  0001001111101 00  100 101 00  0111011 0 10 01    0 0 00   1   010  110 01  01  0 11 0001 00 11 11 1 0   0  0010 001 1 0  
000101  00 10001 01101    0 000000 1 1 0 0 01010 00 1110111 001 01 010 001  1 1   11 000 1 000 10100 0  100  1 0011   1100 001100110000 0111  0010 0 0
  11 1 0111 11111101  00   0   10   001     0  0  01101 101 101 101 0 1 0  1 1 1 1 1 00 01110110 0 11 100 1 0  1 1   101 0011101111 1010 10 110  10110
1000   0 01   1000 100100  10100 110001   001 0  000  0  1  110000    1 01100  1  1 01 1  0 01111110011001100  110   11   1 11110  01001  0  1 01   11
0101 0 11000 101 01011  10100 0000 1 11  11 0101101110 0   00 1  1  11 0110   0  10 111    101 1   1  011101100 00101 0   11  010  0 001 11 0  1  010 
0 10000  10 0100010111 010  0 01011  11010 0011 1 000 010010  1   01  1  1 1   0  111 00101100  1101011 0000001001  0   0 001110 011 10 111 10101 00 0
 101 00 1     1 1  00 00000 1 0000 100  1001 011000 1 0010 010  01 00101011 111  0101001 10 110  00  1 1  11  0  100 110  1 000010010 1  1 100     0  
10  0 00 0110 011 1 101   0  00111 01 101   0 101 111110  1 1 0 111  00000010 0 10000100  0  001100100011101 100001001 10101100110001   1 110001  0111
10001 00 1  000 110011 1000001   10 0 1   01 00111100001 1 10 11110 11  01111   0 1 1 0 11      01 1 0  1101 011 01 1100 0  1 1000  10111 0 11101 0100
10  1010010000  1  0 0         10 11 0  01 11 0  1110  10 1  1 01110 000101  0 00000 1111 1  0 1 10 110 0   0011 10011 1010  1 001  1 11 1101 01 10000
11 0110  0 01 110001110 1   1 001 010010  0110010 1   0001  1  011  111010110 1110 1 1 1   00 1 1  101111 0 1  0   11  1101   0 00  01 1001 000 1 1000
010 11  1100  1110100 00 10 0 111  0111 1  1001 1101 00101  1  0 1101  0 110 0110 00 01 0001   0 110  010110 11 01  0    1000 0 0 011 1   01 1001010 1
 1100001 010 01001 0  1 10 01    0 10 1 0 0 0 0110 00 00 01 000    00 01 001 111111 110 1  1 0 1 01 1  11 0 10 00000 000  011 010  1 0 0011  1 1 0011 
101 1001 0  10110010 1 110 11 011  111 0011110  1101011   10   0 00110 1011011  00  0 1 11000  00001 0 1 111  01    00 110110 010 0  0  0 0101 10   10
0000 10 1010 00111  11 0 00100 0 010  1 1010      0110  11 1 010  1   00101011110 00 110   00 01000 00 1 111   0 1 1  10 0  110010 11010 100 101101  0
10  11 10  11 111  1 111 00 0  0 01   0 10000101 1010111 0 1 0 1    0 1000110  110 001010 0 10111101010 0 1 00  011 0 01   1000  10 1 00000010011 0001
001110  0 1001  0100110 011 00   011 011  0 10100   0  01  11110100000 01  00 1100000  01 00 0  1 000100 11 111 0 1 0 1 010 1 0 10 1 01 010 1001 01 1 
0110 1   000 100 1011 11 0  10 1 1100111 10000 0 10100111 0 00 001  0 01000 1  100   0  10001 0 0010 0 0   00 10001 01110100011100 0  101